0 0.577516 0.551721 0.096625 0.451124
0 0.809414 0.564438 0.076703 0.432576
0 0.261148 0.716956 0.133266 0.405386
0 0.866078 0.424204 0.037844 0.099789
0 0.865492 0.367553 0.021703 0.079930
0 0.490539 0.465328 0.041297 0.077963
0 0.380133 0.932213 0.185922 0.135574
0 0.520289 0.446979 0.023672 0.085386
0 0.979359 0.411124 0.011750 0.060890
0 0.373377 0.543187 0.087662 0.052311
0 0.983766 0.461071 0.030844 0.046229
0 0.937094 0.501825 0.077110 0.091241
0 0.868912 0.500000 0.075487 0.126521
